Frame 6
L -0.735639512539 0.094669058919 -0.670725047588 -0.0747194886205 -0.653832554817 0.159533917904 0.739629507065 3.7231169343 0.177023410797 0.982642769814 -0.0554617233574 11.0321881771 0.0 0.0 0.0 1.0
R -0.735639512539 0.094669058919 -0.670725047588 -0.810359001159 -0.653832554817 0.159533917904 0.739629507065 3.06928437948 0.177023410797 0.982642769814 -0.0554617233574 11.2092115879 0.0 0.0 0.0 1.0

Frame 7
L -0.652213037014 0.0195437371731 -0.757783591747 -0.771941989663 -0.752074241638 0.10844142735 0.650095880032 2.58674287796 0.0948804393411 0.993910729885 -0.0560285262764 11.1861727945 0.0 0.0 0.0 1.0
R -0.652213037014 0.0195437371731 -0.757783591747 -1.42415502668 -0.752074241638 0.10844142735 0.650095880032 1.83466863632 0.0948804393411 0.993910729885 -0.0560285262764 11.2810532339 0.0 0.0 0.0 1.0

Frame 8
L -0.519546508789 -0.0582922659814 -0.852451264858 -1.55127763749 -0.8541842103 0.0109272673726 0.519855439663 1.34832695127 -0.0209885891527 0.99823975563 -0.0554695390165 11.3669233946 0.0 0.0 0.0 1.0
R -0.519546508789 -0.0582922659814 -0.852451264858 -2.07082414627 -0.8541842103 0.0109272673726 0.519855439663 0.494142740965 -0.0209885891527 0.99823975563 -0.0554695390165 11.3459348054 0.0 0.0 0.0 1.0

