Frame 400
L 0.981465339661 -1.42344788401e-07 -0.191639259458 78.5756049156 -0.191639259458 -1.88393784128e-07 -0.981465399265 3.328108944 1.17738608196e-07 1.0 -2.13547963313e-07 0.999999941131 0.0 0.0 0.0 1.0
R 0.981465339661 -1.42344788401e-07 -0.191639259458 79.5570702552 -0.191639259458 -1.88393784128e-07 -0.981465399265 3.13646968454 1.17738608196e-07 1.0 -2.13547963313e-07 1.00000005887 0.0 0.0 0.0 1.0

Frame 401
L 0.986173093319 -7.24380422312e-09 -0.165718913078 78.645173341 -0.165718913078 -2.4582345759e-07 -0.986173331738 3.71148270369 -8.86101579617e-15 1.00000035763 -2.46427816819e-07 1.0 0.0 0.0 0.0 1.0
R 0.986173093319 -7.24380422312e-09 -0.165718913078 79.6313464344 -0.165718913078 -2.4582345759e-07 -0.986173331738 3.54576379061 -8.86101579617e-15 1.00000035763 -2.46427816819e-07 1.0 0.0 0.0 0.0 1.0

Frame 402
L 0.989772200584 -4.82746713715e-08 -0.142656728625 78.7052100301 -0.142656728625 -2.76607011074e-07 -0.989772379398 4.09799500555 4.20389341116e-08 1.00000023842 -2.83081988073e-07 0.999999978981 0.0 0.0 0.0 1.0
R 0.989772200584 -4.82746713715e-08 -0.142656728625 79.6949822307 -0.142656728625 -2.76607011074e-07 -0.989772379398 3.95533827693 4.20389341116e-08 1.00000023842 -2.83081988073e-07 1.00000002102 0.0 0.0 0.0 1.0

