Frame 48
L -0.270265638828 -0.0035032837186 0.962779402733 15.7827024758 0.96278578043 -0.00102133897599 0.270263701677 -14.1449299157 3.65137530025e-05 0.99999332428 0.00364894443192 3.07672629955 0.0 0.0 0.0 1.0
R -0.270265638828 -0.0035032837186 0.962779402733 15.512436837 0.96278578043 -0.00102133897599 0.270263701677 -13.1821441353 3.65137530025e-05 0.99999332428 0.00364894443192 3.07676281331 0.0 0.0 0.0 1.0

Frame 49
L -0.270266324282 -0.00350257242098 0.962779223919 15.7773336321 0.962785601616 -0.00102166703437 0.270264387131 -14.1464375853 3.70191082766e-05 0.99999332428 0.00364834838547 3.07670554288 0.0 0.0 0.0 1.0
R -0.270266324282 -0.00350257242098 0.962779223919 15.5070673079 0.962785601616 -0.00102166703437 0.270264387131 -13.1836519837 3.70191082766e-05 0.99999332428 0.00364834838547 3.07674256198 0.0 0.0 0.0 1.0

Frame 50
L -0.270266890526 -0.00350186089054 0.962779045105 15.771943748 0.962785422802 -0.0010219962569 0.270264983177 -14.1479509771 3.75263043679e-05 0.99999332428 0.00364775257185 3.0766850237 0.0 0.0 0.0 1.0
R -0.270266890526 -0.00350186089054 0.962779045105 15.5016768574 0.962785422802 -0.0010219962569 0.270264983177 -13.1851655543 3.75263043679e-05 0.99999332428 0.00364775257185 3.07672255 0.0 0.0 0.0 1.0

